x <- c(2.17310451260809,2.47856281967841,2.95866555833281,3.27184887575012,2.12129588072287,1.77728953105233,2.84029954019569,1.11972065864061,5.8477633597712,1.80590247892202,5.8515783473471,0.942542192227543,1.16024548115314,1.1985526498937,0.582235505459959,1.93012324504033,3.1264956189165,6.73206096962296,0.496463836350729,4.39656354416616)